# #  DATA=SAXS PRIOR=GAUSS
0.0110986 0.2 0.0111403
0.0123317 0.194207 0.00845391
0.0135649 0.188398 0.00762033
0.0147981 0.18256 0.00755636
0.0160312 0.176678 0.00569005
0.0172644 0.170739 0.00624744
0.0184976 0.164727 0.00503821
0.0197307 0.158632 0.00429589
0.0209639 0.152461 0.00407943
0.022197 0.146241 0.00356014
0.0234302 0.140015 0.0038106
0.0246633 0.133833 0.00446472
0.0258964 0.127746 0.00372445
0.0271296 0.121798 0.00375846
0.0283627 0.116023 0.00322035
0.0295958 0.110447 0.00356929
0.030829 0.105088 0.00290158
0.0320621 0.0999534 0.00308662
0.0332952 0.0950503 0.00277585
0.0345283 0.0903798 0.00269023
0.0357614 0.0859406 0.00301931
0.0369945 0.0817292 0.00261934
0.0382276 0.0777404 0.00272694
0.0394606 0.0739674 0.00232
0.0406937 0.0704027 0.00253125
0.0419268 0.067038 0.00253563
0.0431599 0.0638645 0.00222734
0.0443929 0.0608728 0.00238582
0.045626 0.0580536 0.00227346
0.046859 0.0553975 0.00226949
0.048092 0.052895 0.00209666
0.0493251 0.0505371 0.0020974
0.0505581 0.0483151 0.00204295
0.0517911 0.0462207 0.00198386
0.0530241 0.0442459 0.00211063
0.0542571 0.042383 0.00195436
0.0554901 0.0406246 0.00189876
0.0567231 0.0389639 0.00170944
0.057956 0.0373945 0.00169482
0.059189 0.0359104 0.00164583
0.060422 0.0345062 0.00167042
0.0616549 0.0331766 0.00170161
0.0628878 0.0319168 0.00164868
0.0641208 0.0307226 0.00150727
0.0653537 0.0295897 0.00138159
0.0665866 0.0285144 0.00153673
0.0678195 0.0274931 0.00151664
0.0690524 0.0265223 0.00141716
0.0702852 0.025599 0.00136344
0.0715181 0.0247201 0.00147325
0.0727509 0.0238829 0.00129182
0.0739838 0.0230848 0.0012787
0.0752166 0.0223235 0.0012797
0.0764494 0.0215968 0.00129915
0.0776822 0.0209029 0.00126075
0.078915 0.0202396 0.00120997
0.0801478 0.0196053 0.00125857
0.0813806 0.0189983 0.00116216
0.0826133 0.0184171 0.001149
0.083846 0.0178601 0.00112407
0.0850788 0.0173261 0.00112432
0.0863115 0.0168136 0.00105859
0.0875442 0.0163216 0.00102809
0.0887769 0.0158491 0.0010348
0.0900096 0.0153949 0.00101165
0.0912422 0.014958 0.00101465
0.0924749 0.0145376 0.00101357
0.0937075 0.0141328 0.000975439
0.0949401 0.0137427 0.000979551
0.0961727 0.0133667 0.000947632
0.0980216 0.0128277 0.000954785
0.100487 0.0121525 0.000962851
0.102952 0.0115232 0.000941611
0.105417 0.0109359 0.000918299
0.107882 0.0103875 0.00089677
0.110347 0.00987544 0.000910366
0.112811 0.00939738 0.000938086
0.115276 0.0089511 0.000908607
0.117741 0.00853433 0.000881809
0.120205 0.00814489 0.000862065
0.12267 0.00778064 0.00087587
0.125134 0.00743937 0.000874632
0.127598 0.00711897 0.000895785
0.130063 0.00681746 0.000849582
0.133143 0.0064644 0.000849257
0.136839 0.00607167 0.000828093
0.140535 0.00570902 0.000817559
0.144231 0.00537338 0.000828696
0.147926 0.00506263 0.000798602
0.151621 0.00477495 0.000786754
0.155316 0.0045086 0.000788882
0.159011 0.00426174 0.000770855
0.162706 0.00403231 0.000768763
0.1664 0.00381838 0.000735055
0.17071 0.00358571 0.000717547
0.175635 0.00333874 0.000696993
0.18056 0.00310924 0.000677908
0.185484 0.00289541 0.00065807
0.190408 0.0026965 0.000649897
0.195331 0.00251216 0.000638506
0.200254 0.002342 0.000621128
0.205177 0.00218532 0.000614031
0.210714 0.00202402 0.000600238
0.216865 0.00186174 0.000586224
0.223016 0.00171568 0.000580222
0.229166 0.00158463 0.000560651
0.235314 0.00146751 0.0005526
0.241462 0.0013633 0.000536749
0.248224 0.00126199 0.000535125
0.255599 0.00116497 0.000524341
0.262973 0.00107925 0.00051919
0.270345 0.00100256 0.000512738
0.277716 0.000933495 0.000500541
0.285085 0.000871216 0.000495892
0.293066 0.000810214 0.000499674
0.301659 0.000750158 0.000503697
0.31025 0.00069467 0.000515514
0.318839 0.000643651 0.000528702
0.328038 0.000593627 0.000527597
0.337848 0.000544374 0.000524905
0.347654 0.000498911 0.000525668
0.357457 0.000457586 0.000524811
0.367256 0.000420389 0.000546746
0.377664 0.000384912 0.00057671
0.388679 0.000351276 0.000603385
0.39969 0.000321306 0.000685203
0.411307 0.000293003 0.000769501
0.423529 0.000265601 0.000857702
0.435744 0.000239871 0.000981836
0.447953 0.000216091 0.00117414
