# #  DATA=SAXS PRIOR=GAUSS
0.0110986 0.2 0.0111403
0.0123317 0.194105 0.00845391
0.0135649 0.188196 0.00762033
0.0147981 0.182258 0.00755636
0.0160312 0.176277 0.00569005
0.0172644 0.170239 0.00624744
0.0184976 0.164131 0.00503821
0.0197307 0.157941 0.00429589
0.0209639 0.151676 0.00407943
0.022197 0.145363 0.00356014
0.0234302 0.139047 0.0038106
0.0246633 0.13278 0.00446472
0.0258964 0.126611 0.00372445
0.0271296 0.120586 0.00375846
0.0283627 0.114741 0.00322035
0.0295958 0.109101 0.00356929
0.030829 0.103683 0.00290158
0.0320621 0.0984974 0.00308662
0.0332952 0.0935488 0.00277585
0.0345283 0.0888386 0.00269023
0.0357614 0.0843654 0.00301931
0.0369945 0.0801257 0.00261934
0.0382276 0.0761145 0.00272694
0.0394606 0.0723253 0.00232
0.0406937 0.0687503 0.00253125
0.0419268 0.065381 0.00253563
0.0431599 0.062208 0.00222734
0.0443929 0.059222 0.00238582
0.045626 0.0564133 0.00227346
0.046859 0.0537724 0.00226949
0.048092 0.0512897 0.00209666
0.0493251 0.0489558 0.0020974
0.0505581 0.0467615 0.00204295
0.0517911 0.0446979 0.00198386
0.0530241 0.0427566 0.00211063
0.0542571 0.0409294 0.00195436
0.0554901 0.0392085 0.00189876
0.0567231 0.0375864 0.00170944
0.057956 0.0360566 0.00169482
0.059189 0.0346125 0.00164583
0.060422 0.0332485 0.00167042
0.0616549 0.0319593 0.00170161
0.0628878 0.03074 0.00164868
0.0641208 0.0295859 0.00150727
0.0653537 0.0284927 0.00138159
0.0665866 0.0274561 0.00153673
0.0678195 0.0264725 0.00151664
0.0690524 0.0255385 0.00141716
0.0702852 0.0246507 0.00136344
0.0715181 0.0238062 0.00147325
0.0727509 0.0230022 0.00129182
0.0739838 0.0222362 0.0012787
0.0752166 0.0215057 0.0012797
0.0764494 0.0208085 0.00129915
0.0776822 0.0201426 0.00126075
0.078915 0.0195062 0.00120997
0.0801478 0.0188974 0.00125857
0.0813806 0.0183148 0.00116216
0.0826133 0.0177567 0.001149
0.083846 0.0172219 0.00112407
0.0850788 0.016709 0.00112432
0.0863115 0.0162169 0.00105859
0.0875442 0.0157446 0.00102809
0.0887769 0.015291 0.0010348
0.0900096 0.0148554 0.00101165
0.0912422 0.0144367 0.00101465
0.0924749 0.0140343 0.00101357
0.0937075 0.0136474 0.000975439
0.0949401 0.0132752 0.000979551
0.0961727 0.0129173 0.000947632
0.0980216 0.0124057 0.000954785
0.100487 0.0117677 0.000962851
0.102952 0.0111762 0.000941611
0.105417 0.0106275 0.000918299
0.107882 0.0101177 0.00089677
0.110347 0.00964356 0.000910366
0.112811 0.00920175 0.000938086
0.115276 0.00878938 0.000908607
0.117741 0.00840362 0.000881809
0.120205 0.00804181 0.000862065
0.12267 0.0077017 0.00087587
0.125134 0.00738127 0.000874632
0.127598 0.00707876 0.000895785
0.130063 0.00679275 0.000849582
0.133143 0.00645666 0.000849257
0.136839 0.00608222 0.000828093
0.140535 0.00573661 0.000817559
0.144231 0.00541719 0.000828696
0.147926 0.0051211 0.000798602
0.151621 0.00484553 0.000786754
0.155316 0.00458754 0.000788882
0.159011 0.00434457 0.000770855
0.162706 0.00411459 0.000768763
0.1664 0.00389609 0.000735055
0.17071 0.00365445 0.000717547
0.175635 0.00339496 0.000696993
0.18056 0.00315314 0.000677908
0.185484 0.00292921 0.00065807
0.190408 0.00272317 0.000649897
0.195331 0.00253451 0.000638506
0.200254 0.00236209 0.000621128
0.205177 0.00220447 0.000614031
0.210714 0.00204308 0.000600238
0.216865 0.0018817 0.000586224
0.223016 0.00173759 0.000580222
0.229166 0.00160928 0.000560651
0.235314 0.00149497 0.0005526
0.241462 0.00139262 0.000536749
0.248224 0.00129152 0.000535125
0.255599 0.00119291 0.000524341
0.262973 0.00110491 0.00051919
0.270345 0.00102612 0.000512738
0.277716 0.000955195 0.000500541
0.285085 0.000890986 0.000495892
0.293066 0.000827766 0.000499674
0.301659 0.000765699 0.000503697
0.31025 0.00070881 0.000515514
0.318839 0.000656446 0.000528702
0.328038 0.000604682 0.000527597
0.337848 0.000553664 0.000524905
0.347654 0.000507123 0.000525668
0.357457 0.000465512 0.000524811
0.367256 0.000428213 0.000546746
0.377664 0.000392239 0.00057671
0.388679 0.000357873 0.000603385
0.39969 0.000326939 0.000685203
0.411307 0.000296948 0.000769501
0.423529 0.000267913 0.000857702
0.435744 0.000241522 0.000981836
0.447953 0.000217552 0.00117414
