# #  DATA=SAXS PRIOR=GAUSS
0.0110986 0.2 0.0111403
0.0123317 0.193802 0.00845391
0.0135649 0.187589 0.00762033
0.0147981 0.181347 0.00755636
0.0160312 0.175063 0.00569005
0.0172644 0.168722 0.00624744
0.0184976 0.162311 0.00503821
0.0197307 0.155821 0.00429589
0.0209639 0.149259 0.00407943
0.022197 0.142661 0.00356014
0.0234302 0.136076 0.0038106
0.0246633 0.12956 0.00446472
0.0258964 0.12317 0.00372445
0.0271296 0.116952 0.00375846
0.0283627 0.110943 0.00322035
0.0295958 0.105169 0.00356929
0.030829 0.0996456 0.00290158
0.0320621 0.0943819 0.00308662
0.0332952 0.089381 0.00277585
0.0345283 0.0846422 0.00269023
0.0357614 0.0801623 0.00301931
0.0369945 0.0759358 0.00261934
0.0382276 0.0719554 0.00272694
0.0394606 0.0682123 0.00232
0.0406937 0.0646968 0.00253125
0.0419268 0.0613987 0.00253563
0.0431599 0.0583069 0.00222734
0.0443929 0.0554102 0.00238582
0.045626 0.0526974 0.00227346
0.046859 0.0501574 0.00226949
0.048092 0.0477793 0.00209666
0.0493251 0.0455526 0.0020974
0.0505581 0.0434669 0.00204295
0.0517911 0.0415125 0.00198386
0.0530241 0.0396799 0.00211063
0.0542571 0.0379606 0.00195436
0.0554901 0.0363465 0.00189876
0.0567231 0.0348299 0.00170944
0.057956 0.0334038 0.00169482
0.059189 0.0320616 0.00164583
0.060422 0.0307976 0.00167042
0.0616549 0.0296061 0.00170161
0.0628878 0.0284822 0.00164868
0.0641208 0.0274213 0.00150727
0.0653537 0.0264191 0.00138159
0.0665866 0.0254717 0.00153673
0.0678195 0.0245755 0.00151664
0.0690524 0.0237269 0.00141716
0.0702852 0.0229229 0.00136344
0.0715181 0.0221606 0.00147325
0.0727509 0.0214371 0.00129182
0.0739838 0.0207501 0.0012787
0.0752166 0.0200973 0.0012797
0.0764494 0.0194763 0.00129915
0.0776822 0.0188852 0.00126075
0.078915 0.0183221 0.00120997
0.0801478 0.017785 0.00125857
0.0813806 0.0172724 0.00116216
0.0826133 0.0167828 0.001149
0.083846 0.0163147 0.00112407
0.0850788 0.0158668 0.00112432
0.0863115 0.0154379 0.00105859
0.0875442 0.0150268 0.00102809
0.0887769 0.0146323 0.0010348
0.0900096 0.0142536 0.00101165
0.0912422 0.0138896 0.00101465
0.0924749 0.0135395 0.00101357
0.0937075 0.0132026 0.000975439
0.0949401 0.0128782 0.000979551
0.0961727 0.0125655 0.000947632
0.0980216 0.012117 0.000954785
0.100487 0.0115548 0.000962851
0.102952 0.0110296 0.000941611
0.105417 0.0105379 0.000918299
0.107882 0.010077 0.00089677
0.110347 0.00964413 0.000910366
0.112811 0.00923698 0.000938086
0.115276 0.00885339 0.000908607
0.117741 0.00849159 0.000881809
0.120205 0.00814985 0.000862065
0.12267 0.00782656 0.00087587
0.125134 0.0075202 0.000874632
0.127598 0.0072294 0.000895785
0.130063 0.00695286 0.000849582
0.133143 0.00662538 0.000849257
0.136839 0.00625626 0.000828093
0.140535 0.00590991 0.000817559
0.144231 0.00558359 0.000828696
0.147926 0.0052753 0.000798602
0.151621 0.0049837 0.000786754
0.155316 0.00470803 0.000788882
0.159011 0.00444802 0.000770855
0.162706 0.0042034 0.000768763
0.1664 0.00397378 0.000735055
0.17071 0.00372403 0.000717547
0.175635 0.00346051 0.000696993
0.18056 0.00321786 0.000677908
0.185484 0.00299375 0.00065807
0.190408 0.00278657 0.000649897
0.195331 0.0025956 0.000638506
0.200254 0.00242043 0.000621128
0.205177 0.00226053 0.000614031
0.210714 0.00209765 0.000600238
0.216865 0.00193548 0.000586224
0.223016 0.00179045 0.000580222
0.229166 0.00166043 0.000560651
0.235314 0.00154382 0.0005526
0.241462 0.00143897 0.000536749
0.248224 0.00133509 0.000535125
0.255599 0.00123303 0.000524341
0.262973 0.00114127 0.00051919
0.270345 0.00105903 0.000512738
0.277716 0.000985164 0.000500541
0.285085 0.000918039 0.000495892
0.293066 0.000851521 0.000499674
0.301659 0.000786339 0.000503697
0.31025 0.000727154 0.000515514
0.318839 0.000672955 0.000528702
0.328038 0.000619529 0.000527597
0.337848 0.000567313 0.000524905
0.347654 0.000519742 0.000525668
0.357457 0.000476764 0.000524811
0.367256 0.000438122 0.000546746
0.377664 0.000401101 0.00057671
0.388679 0.00036565 0.000603385
0.39969 0.000333487 0.000685203
0.411307 0.000302503 0.000769501
0.423529 0.000272884 0.000857702
0.435744 0.000246082 0.000981836
0.447953 0.000221404 0.00117414
